x-axis,1
second,Volt
-2.10000E-06,
-2.09000E-06,-45.22631317E-03
-2.08000E-06,-45.22631317E-03
-2.07000E-06,-45.22631317E-03
-2.06000E-06,-45.22631317E-03
-2.05000E-06,-45.22631317E-03
-2.04000E-06,-45.22631317E-03
-2.03000E-06,+75.37670434E-03
-2.02000E-06,-45.22631317E-03
-2.01000E-06,-45.22631317E-03
-2.00000E-06,-45.22631317E-03
-1.99000E-06,-45.22631317E-03
-1.98000E-06,-45.22631317E-03
-1.97000E-06,-105.52782193E-03
-1.96000E-06,-45.22631317E-03
-1.95000E-06,-45.22631317E-03
-1.94000E-06,+75.37670434E-03
-1.93000E-06,-45.22631317E-03
-1.92000E-06,-45.22631317E-03
-1.91000E-06,-45.22631317E-03
-1.90000E-06,+15.07519558E-03
-1.89000E-06,-45.22631317E-03
-1.88000E-06,-45.22631317E-03
-1.87000E-06,+75.37670434E-03
-1.86000E-06,+15.07519558E-03
-1.85000E-06,-45.22631317E-03
-1.84000E-06,+15.07519558E-03
-1.83000E-06,-45.22631317E-03
-1.82000E-06,-45.22631317E-03
-1.81000E-06,-45.22631317E-03
-1.80000E-06,-45.22631317E-03
-1.79000E-06,-45.22631317E-03
-1.78000E-06,+15.07519558E-03
-1.77000E-06,-45.22631317E-03
-1.76000E-06,-45.22631317E-03
-1.75000E-06,-45.22631317E-03
-1.74000E-06,-45.22631317E-03
-1.73000E-06,-45.22631317E-03
-1.72000E-06,-45.22631317E-03
-1.71000E-06,-45.22631317E-03
-1.70000E-06,-45.22631317E-03
-1.69000E-06,-45.22631317E-03
-1.68000E-06,-45.22631317E-03
-1.67000E-06,-45.22631317E-03
-1.66000E-06,-45.22631317E-03
-1.65000E-06,-45.22631317E-03
-1.64000E-06,-165.82933068E-03
-1.63000E-06,-45.22631317E-03
-1.62000E-06,-45.22631317E-03
-1.61000E-06,-45.22631317E-03
-1.60000E-06,-45.22631317E-03
-1.59000E-06,+75.37670434E-03
-1.58000E-06,+15.07519558E-03
-1.57000E-06,-45.22631317E-03
-1.56000E-06,-45.22631317E-03
-1.55000E-06,-45.22631317E-03
-1.54000E-06,-45.22631317E-03
-1.53000E-06,-45.22631317E-03
-1.52000E-06,-45.22631317E-03
-1.51000E-06,-45.22631317E-03
-1.50000E-06,+15.07519558E-03
-1.49000E-06,-45.22631317E-03
-1.48000E-06,-45.22631317E-03
-1.47000E-06,+15.07519558E-03
-1.46000E-06,-45.22631317E-03
-1.45000E-06,-45.22631317E-03
-1.44000E-06,-45.22631317E-03
-1.43000E-06,-45.22631317E-03
-1.42000E-06,-45.22631317E-03
-1.41000E-06,-45.22631317E-03
-1.40000E-06,+75.37670434E-03
-1.39000E-06,-45.22631317E-03
-1.38000E-06,+15.07519558E-03
-1.37000E-06,-45.22631317E-03
-1.36000E-06,-45.22631317E-03
-1.35000E-06,-45.22631317E-03
-1.34000E-06,-45.22631317E-03
-1.33000E-06,-45.22631317E-03
-1.32000E-06,-45.22631317E-03
-1.31000E-06,-45.22631317E-03
-1.30000E-06,+75.37670434E-03
-1.29000E-06,+75.37670434E-03
-1.28000E-06,-45.22631317E-03
-1.27000E-06,+15.07519558E-03
-1.26000E-06,-45.22631317E-03
-1.25000E-06,-45.22631317E-03
-1.24000E-06,-45.22631317E-03
-1.23000E-06,-45.22631317E-03
-1.22000E-06,-45.22631317E-03
-1.21000E-06,+15.07519558E-03
-1.20000E-06,-45.22631317E-03
-1.19000E-06,-45.22631317E-03
-1.18000E-06,-45.22631317E-03
-1.17000E-06,-45.22631317E-03
-1.16000E-06,-45.22631317E-03
-1.15000E-06,-45.22631317E-03
-1.14000E-06,-45.22631317E-03
-1.13000E-06,-45.22631317E-03
-1.12000E-06,-45.22631317E-03
-1.11000E-06,-45.22631317E-03
-1.10000E-06,-45.22631317E-03
-1.09000E-06,-45.22631317E-03
-1.08000E-06,-45.22631317E-03
-1.07000E-06,-45.22631317E-03
-1.06000E-06,+15.07519558E-03
-1.05000E-06,-45.22631317E-03
-1.04000E-06,-45.22631317E-03
-1.03000E-06,-45.22631317E-03
-1.02000E-06,+75.37670434E-03
-1.01000E-06,-45.22631317E-03
-1.00000E-06,+75.37670434E-03
-990.00E-09,-45.22631317E-03
-980.00E-09,-45.22631317E-03
-970.00E-09,-45.22631317E-03
-960.00E-09,-45.22631317E-03
-950.00E-09,-45.22631317E-03
-940.00E-09,-45.22631317E-03
-930.00E-09,-45.22631317E-03
-920.00E-09,-45.22631317E-03
-910.00E-09,-45.22631317E-03
-900.00E-09,+75.37670434E-03
-890.00E-09,-105.52782193E-03
-880.00E-09,-45.22631317E-03
-870.00E-09,-45.22631317E-03
-860.00E-09,-45.22631317E-03
-850.00E-09,-45.22631317E-03
-840.00E-09,+15.07519558E-03
-830.00E-09,-45.22631317E-03
-820.00E-09,-45.22631317E-03
-810.00E-09,-45.22631317E-03
-800.00E-09,-45.22631317E-03
-790.00E-09,-45.22631317E-03
-780.00E-09,-45.22631317E-03
-770.00E-09,-45.22631317E-03
-760.00E-09,+75.37670434E-03
-750.00E-09,-45.22631317E-03
-740.00E-09,-45.22631317E-03
-730.00E-09,+75.37670434E-03
-720.00E-09,+75.37670434E-03
-710.00E-09,+75.37670434E-03
-700.00E-09,+75.37670434E-03
-690.00E-09,-45.22631317E-03
-680.00E-09,-45.22631317E-03
-670.00E-09,+75.37670434E-03
-660.00E-09,+75.37670434E-03
-650.00E-09,-45.22631317E-03
-640.00E-09,+75.37670434E-03
-630.00E-09,-45.22631317E-03
-620.00E-09,+15.07519558E-03
-610.00E-09,-45.22631317E-03
-600.00E-09,-45.22631317E-03
-590.00E-09,+75.37670434E-03
-580.00E-09,-45.22631317E-03
-570.00E-09,-45.22631317E-03
-560.00E-09,-45.22631317E-03
-550.00E-09,-45.22631317E-03
-540.00E-09,+15.07519558E-03
-530.00E-09,-45.22631317E-03
-520.00E-09,+15.07519558E-03
-510.00E-09,+75.37670434E-03
-500.00E-09,+75.37670434E-03
-490.00E-09,+15.07519558E-03
-480.00E-09,+75.37670434E-03
-470.00E-09,+75.37670434E-03
-460.00E-09,-45.22631317E-03
-450.00E-09,+15.07519558E-03
-440.00E-09,+75.37670434E-03
-430.00E-09,+75.37670434E-03
-420.00E-09,+75.37670434E-03
-410.00E-09,+75.37670434E-03
-400.00E-09,+15.07519558E-03
-390.00E-09,-45.22631317E-03
-380.00E-09,+15.07519558E-03
-370.00E-09,-45.22631317E-03
-360.00E-09,-45.22631317E-03
-350.00E-09,-45.22631317E-03
-340.00E-09,+75.37670434E-03
-330.00E-09,-45.22631317E-03
-320.00E-09,-45.22631317E-03
-310.00E-09,+75.37670434E-03
-300.00E-09,+15.07519558E-03
-290.00E-09,-45.22631317E-03
-280.00E-09,+15.07519558E-03
-270.00E-09,-45.22631317E-03
-260.00E-09,+75.37670434E-03
-250.00E-09,+75.37670434E-03
-240.00E-09,-45.22631317E-03
-230.00E-09,-45.22631317E-03
-220.00E-09,-45.22631317E-03
-210.00E-09,-45.22631317E-03
-200.00E-09,-45.22631317E-03
-190.00E-09,+75.37670434E-03
-180.00E-09,+75.37670434E-03
-170.00E-09,-45.22631317E-03
-160.00E-09,-45.22631317E-03
-150.00E-09,-45.22631317E-03
-140.00E-09,-45.22631317E-03
-130.00E-09,-45.22631317E-03
-120.00E-09,-45.22631317E-03
-110.00E-09,-45.22631317E-03
-100.00E-09,-45.22631317E-03
-90.00E-09,-45.22631317E-03
-80.00E-09,+15.07519558E-03
-70.00E-09,+75.37670434E-03
-60.00E-09,+75.37670434E-03
-50.00E-09,-45.22631317E-03
-40.00E-09,-45.22631317E-03
-30.00E-09,-45.22631317E-03
-20.00E-09,-45.22631317E-03
-10.00E-09,-45.22631317E-03
-0.0E+00,+1.94472347571E+00
+10.00E-09,+3.93467326462E+00
+20.00E-09,+2.06532649324E+00
+30.00E-09,+2.84924610704E+00
+40.00E-09,+2.72864308953E+00
+50.00E-09,+3.33165817708E+00
+60.00E-09,+2.84924610704E+00
+70.00E-09,+3.21105515957E+00
+80.00E-09,+2.72864308953E+00
+90.00E-09,+2.72864308953E+00
+100.00E-09,+3.09045214206E+00
+110.00E-09,+3.15075365082E+00
+120.00E-09,+3.09045214206E+00
+130.00E-09,+3.09045214206E+00
+140.00E-09,+2.78894459829E+00
+150.00E-09,+2.84924610704E+00
+160.00E-09,+3.09045214206E+00
+170.00E-09,+3.33165817708E+00
+180.00E-09,+3.27135666833E+00
+190.00E-09,+3.15075365082E+00
+200.00E-09,+3.15075365081E+00
+210.00E-09,+3.09045214206E+00
+220.00E-09,+3.45226119459E+00
+230.00E-09,+3.45226119459E+00
+240.00E-09,+3.45226119459E+00
+250.00E-09,+3.33165817708E+00
+260.00E-09,+3.33165817708E+00
+270.00E-09,+3.45226119459E+00
+280.00E-09,+3.57286421210E+00
+290.00E-09,+3.81407024711E+00
+300.00E-09,+3.75376873836E+00
+310.00E-09,+3.69346722960E+00
+320.00E-09,+3.69346722960E+00
+330.00E-09,+3.81407024711E+00
+340.00E-09,+3.93467326462E+00
+350.00E-09,+3.93467326462E+00
+360.00E-09,+4.05527628213E+00
+370.00E-09,+4.05527628213E+00
+380.00E-09,+3.93467326462E+00
+390.00E-09,+3.93467326462E+00
+400.00E-09,+4.05527628213E+00
+410.00E-09,+3.93467326462E+00
+420.00E-09,+4.05527628213E+00
+430.00E-09,+3.87437175587E+00
+440.00E-09,+3.93467326462E+00
+450.00E-09,+3.93467326462E+00
+460.00E-09,+3.93467326462E+00
+470.00E-09,+3.93467326462E+00
+480.00E-09,+3.93467326462E+00
+490.00E-09,+3.93467326462E+00
+500.00E-09,+3.93467326462E+00
+510.00E-09,+3.93467326462E+00
+520.00E-09,+4.05527628213E+00
+530.00E-09,+4.05527628213E+00
+540.00E-09,+4.05527628213E+00
+550.00E-09,+4.05527628213E+00
+560.00E-09,+4.05527628213E+00
+570.00E-09,+4.05527628213E+00
+580.00E-09,+4.17587929964E+00
+590.00E-09,+4.05527628213E+00
+600.00E-09,+4.17587929964E+00
+610.00E-09,+4.23618080839E+00
+620.00E-09,+4.29648231715E+00
+630.00E-09,+4.29648231715E+00
+640.00E-09,+4.35678382590E+00
+650.00E-09,+4.41708533466E+00
+660.00E-09,+4.41708533466E+00
+670.00E-09,+4.47738684342E+00
+680.00E-09,+4.53768835217E+00
+690.00E-09,+4.53768835217E+00
+700.00E-09,+4.65829136968E+00
+710.00E-09,+4.53768835217E+00
+720.00E-09,+4.65829136968E+00
+730.00E-09,+4.65829136968E+00
+740.00E-09,+4.65829136968E+00
+750.00E-09,+4.65829136968E+00
+760.00E-09,+4.65829136968E+00
+770.00E-09,+4.71859287843E+00
+780.00E-09,+4.71859287843E+00
+790.00E-09,+4.65829136968E+00
+800.00E-09,+4.65829136968E+00
+810.00E-09,+4.59798986092E+00
+820.00E-09,+4.59798986092E+00
+830.00E-09,+4.53768835217E+00
+840.00E-09,+4.59798986092E+00
+850.00E-09,+4.53768835217E+00
+860.00E-09,+4.53768835217E+00
+870.00E-09,+4.53768835217E+00
+880.00E-09,+4.53768835217E+00
+890.00E-09,+4.65829136968E+00
+900.00E-09,+4.65829136968E+00
+910.00E-09,+4.59798986092E+00
+920.00E-09,+4.65829136968E+00
+930.00E-09,+4.65829136968E+00
+940.00E-09,+4.71859287843E+00
+950.00E-09,+4.65829136968E+00
+960.00E-09,+4.89949740469E+00
+970.00E-09,+4.89949740469E+00
+980.00E-09,+4.77889438719E+00
+990.00E-09,+4.89949740469E+00
+1.00000E-06,+4.83919589594E+00
+1.01000E-06,+5.02010042220E+00
+1.02000E-06,+4.95979891345E+00
+1.03000E-06,+4.89949740469E+00
+1.04000E-06,+5.02010042220E+00
+1.05000E-06,+5.02010042220E+00
+1.06000E-06,+5.02010042220E+00
+1.07000E-06,+5.02010042220E+00
+1.08000E-06,+5.02010042220E+00
+1.09000E-06,+5.14070343971E+00
+1.10000E-06,+5.02010042220E+00
+1.11000E-06,+5.14070343971E+00
+1.12000E-06,+5.14070343971E+00
+1.13000E-06,+5.14070343971E+00
+1.14000E-06,+5.08040193096E+00
+1.15000E-06,+5.02010042220E+00
+1.16000E-06,+5.08040193096E+00
+1.17000E-06,+5.02010042220E+00
+1.18000E-06,+5.02010042220E+00
+1.19000E-06,+5.14070343971E+00
+1.20000E-06,+5.02010042220E+00
+1.21000E-06,+5.02010042220E+00
+1.22000E-06,+5.02010042220E+00
+1.23000E-06,+5.02010042220E+00
+1.24000E-06,+5.08040193096E+00
+1.25000E-06,+5.02010042220E+00
+1.26000E-06,+5.02010042220E+00
+1.27000E-06,+5.02010042220E+00
+1.28000E-06,+5.08040193096E+00
+1.29000E-06,+5.14070343971E+00
+1.30000E-06,+5.14070343971E+00
+1.31000E-06,+5.26130645722E+00
+1.32000E-06,+5.26130645722E+00
+1.33000E-06,+5.26130645722E+00
+1.34000E-06,+5.26130645722E+00
+1.35000E-06,+5.32160796598E+00
+1.36000E-06,+5.38190947473E+00
+1.37000E-06,+5.38190947473E+00
+1.38000E-06,+5.32160796598E+00
+1.39000E-06,+5.38190947473E+00
+1.40000E-06,+5.38190947473E+00
+1.41000E-06,+5.38190947473E+00
+1.42000E-06,+5.38190947473E+00
+1.43000E-06,+5.38190947473E+00
+1.44000E-06,+5.38190947473E+00
+1.45000E-06,+5.44221098348E+00
+1.46000E-06,+5.44221098349E+00
+1.47000E-06,+5.38190947473E+00
+1.48000E-06,+5.50251249224E+00
+1.49000E-06,+5.50251249224E+00
+1.50000E-06,+5.50251249224E+00
+1.51000E-06,+5.38190947473E+00
+1.52000E-06,+5.50251249224E+00
+1.53000E-06,+5.50251249224E+00
+1.54000E-06,+5.38190947473E+00
+1.55000E-06,+5.38190947473E+00
+1.56000E-06,+5.38190947473E+00
+1.57000E-06,+5.50251249224E+00
+1.58000E-06,+5.38190947473E+00
+1.59000E-06,+5.38190947473E+00
+1.60000E-06,+5.50251249224E+00
+1.61000E-06,+5.50251249224E+00
+1.62000E-06,+5.50251249224E+00
+1.63000E-06,+5.38190947473E+00
+1.64000E-06,+5.38190947473E+00
+1.65000E-06,+5.50251249224E+00
+1.66000E-06,+5.50251249224E+00
+1.67000E-06,+5.50251249224E+00
+1.68000E-06,+5.50251249224E+00
+1.69000E-06,+5.50251249224E+00
+1.70000E-06,+5.62311550975E+00
+1.71000E-06,+5.50251249224E+00
+1.72000E-06,+5.62311550975E+00
+1.73000E-06,+5.62311550975E+00
+1.74000E-06,+5.74371852726E+00
+1.75000E-06,+5.62311550975E+00
+1.76000E-06,+5.68341701850E+00
+1.77000E-06,+5.62311550975E+00
+1.78000E-06,+5.74371852726E+00
+1.79000E-06,+5.74371852726E+00
+1.80000E-06,+5.74371852726E+00
+1.81000E-06,+5.74371852726E+00
+1.82000E-06,+5.74371852726E+00
+1.83000E-06,+5.74371852726E+00
+1.84000E-06,+5.74371852726E+00
+1.85000E-06,+5.74371852726E+00
+1.86000E-06,+5.80402003602E+00
+1.87000E-06,+5.74371852726E+00
+1.88000E-06,+5.74371852726E+00
+1.89000E-06,+5.68341701850E+00
+1.90000E-06,+5.74371852726E+00
+1.91000E-06,+5.74371852726E+00
+1.92000E-06,+5.74371852726E+00
+1.93000E-06,+5.74371852726E+00
+1.94000E-06,+5.74371852726E+00
+1.95000E-06,+5.74371852726E+00
+1.96000E-06,+5.74371852726E+00
+1.97000E-06,+5.74371852726E+00
+1.98000E-06,+5.80402003602E+00
+1.99000E-06,+5.74371852726E+00
+2.00000E-06,+5.74371852726E+00
+2.01000E-06,+5.74371852726E+00
+2.02000E-06,+5.74371852726E+00
+2.03000E-06,+5.80402003602E+00
+2.04000E-06,+5.80402003601E+00
+2.05000E-06,+5.80402003602E+00
+2.06000E-06,+5.80402003602E+00
+2.07000E-06,+5.98492456228E+00
+2.08000E-06,+5.86432154477E+00
+2.09000E-06,+5.98492456228E+00
+2.10000E-06,+5.98492456228E+00
+2.11000E-06,+5.86432154477E+00
+2.12000E-06,+5.86432154477E+00
+2.13000E-06,+5.98492456228E+00
+2.14000E-06,+6.04522607103E+00
+2.15000E-06,+5.98492456228E+00
+2.16000E-06,+6.10552757978E+00
+2.17000E-06,+5.98492456228E+00
+2.18000E-06,+6.10552757978E+00
+2.19000E-06,+5.98492456228E+00
+2.20000E-06,+5.98492456228E+00
+2.21000E-06,+6.10552757978E+00
+2.22000E-06,+6.04522607103E+00
+2.23000E-06,+5.98492456228E+00
+2.24000E-06,+5.98492456228E+00
+2.25000E-06,+5.98492456228E+00
+2.26000E-06,+6.04522607104E+00
+2.27000E-06,+5.98492456228E+00
+2.28000E-06,+5.98492456228E+00
+2.29000E-06,+5.98492456228E+00
+2.30000E-06,+5.98492456228E+00
+2.31000E-06,+5.98492456228E+00
+2.32000E-06,+5.98492456228E+00
+2.33000E-06,+6.04522607102E+00
+2.34000E-06,+5.92462305353E+00
+2.35000E-06,+5.98492456228E+00
+2.36000E-06,+6.10552757978E+00
+2.37000E-06,+5.98492456228E+00
+2.38000E-06,+6.10552757978E+00
+2.39000E-06,+6.10552757978E+00
+2.40000E-06,+6.10552757978E+00
+2.41000E-06,+6.10552757978E+00
+2.42000E-06,+6.10552757978E+00
+2.43000E-06,+6.10552757978E+00
+2.44000E-06,+6.10552757978E+00
+2.45000E-06,+6.22613059729E+00
+2.46000E-06,+6.16582908854E+00
+2.47000E-06,+6.22613059729E+00
+2.48000E-06,+6.22613059729E+00
+2.49000E-06,+6.28643210605E+00
+2.50000E-06,+6.22613059729E+00
+2.51000E-06,+6.22613059729E+00
+2.52000E-06,+6.22613059729E+00
+2.53000E-06,+6.34673361480E+00
+2.54000E-06,+6.16582908854E+00
+2.55000E-06,+6.22613059729E+00
+2.56000E-06,+6.22613059729E+00
+2.57000E-06,+6.22613059729E+00
+2.58000E-06,+6.22613059729E+00
+2.59000E-06,+6.34673361480E+00
+2.60000E-06,+6.22613059729E+00
+2.61000E-06,+6.22613059729E+00
+2.62000E-06,+6.22613059729E+00
+2.63000E-06,+6.10552757978E+00
+2.64000E-06,+6.28643210604E+00
+2.65000E-06,+6.22613059729E+00
+2.66000E-06,+6.28643210605E+00
+2.67000E-06,+6.22613059729E+00
+2.68000E-06,+6.34673361480E+00
+2.69000E-06,+6.22613059729E+00
+2.70000E-06,+6.22613059729E+00
+2.71000E-06,+6.22613059729E+00
+2.72000E-06,+6.22613059729E+00
+2.73000E-06,+6.22613059729E+00
+2.74000E-06,+6.28643210605E+00
+2.75000E-06,+6.34673361480E+00
+2.76000E-06,+6.34673361480E+00
+2.77000E-06,+6.22613059729E+00
+2.78000E-06,+6.34673361480E+00
+2.79000E-06,+6.22613059729E+00
+2.80000E-06,+6.34673361480E+00
+2.81000E-06,+6.34673361480E+00
+2.82000E-06,+6.40703512356E+00
+2.83000E-06,+6.46733663231E+00
+2.84000E-06,+6.34673361480E+00
+2.85000E-06,+6.34673361480E+00
+2.86000E-06,+6.40703512356E+00
+2.87000E-06,+6.46733663231E+00
+2.88000E-06,+6.46733663231E+00
+2.89000E-06,+6.46733663231E+00
+2.90000E-06,+6.34673361480E+00
+2.91000E-06,+6.46733663231E+00
+2.92000E-06,+6.34673361480E+00
+2.93000E-06,+6.46733663231E+00
+2.94000E-06,+6.34673361480E+00
+2.95000E-06,+6.34673361480E+00
+2.96000E-06,+6.34673361480E+00
+2.97000E-06,+6.46733663231E+00
+2.98000E-06,+6.34673361480E+00
+2.99000E-06,+6.46733663231E+00
+3.00000E-06,+6.46733663231E+00
+3.01000E-06,+6.34673361480E+00
+3.02000E-06,+6.40703512356E+00
+3.03000E-06,+6.46733663231E+00
+3.04000E-06,+6.46733663231E+00
+3.05000E-06,+6.46733663231E+00
+3.06000E-06,+6.46733663231E+00
+3.07000E-06,+6.46733663231E+00
+3.08000E-06,+6.46733663231E+00
+3.09000E-06,+6.46733663231E+00
+3.10000E-06,+6.46733663231E+00
+3.11000E-06,+6.46733663231E+00
+3.12000E-06,+6.46733663231E+00
+3.13000E-06,+6.52763814106E+00
+3.14000E-06,+6.46733663231E+00
+3.15000E-06,+6.58793964982E+00
+3.16000E-06,+6.58793964982E+00
+3.17000E-06,+6.58793964982E+00
+3.18000E-06,+6.58793964982E+00
+3.19000E-06,+6.58793964982E+00
+3.20000E-06,+6.70854266733E+00
+3.21000E-06,+6.58793964982E+00
+3.22000E-06,+6.58793964982E+00
+3.23000E-06,+6.70854266733E+00
+3.24000E-06,+6.58793964982E+00
+3.25000E-06,+6.58793964982E+00
+3.26000E-06,+6.58793964982E+00
+3.27000E-06,+6.52763814107E+00
+3.28000E-06,+6.52763814106E+00
+3.29000E-06,+6.58793964982E+00
+3.30000E-06,+6.52763814107E+00
+3.31000E-06,+6.58793964982E+00
+3.32000E-06,+6.58793964982E+00
+3.33000E-06,+6.58793964982E+00
+3.34000E-06,+6.58793964982E+00
+3.35000E-06,+6.52763814107E+00
+3.36000E-06,+6.58793964982E+00
+3.37000E-06,+6.58793964982E+00
+3.38000E-06,+6.58793964982E+00
+3.39000E-06,+6.58793964982E+00
+3.40000E-06,+6.64824115857E+00
+3.41000E-06,+6.58793964982E+00
+3.42000E-06,+6.58793964982E+00
+3.43000E-06,+6.58793964982E+00
+3.44000E-06,+6.58793964982E+00
+3.45000E-06,+6.64824115858E+00
+3.46000E-06,+6.58793964982E+00
+3.47000E-06,+6.58793964982E+00
+3.48000E-06,+6.70854266733E+00
+3.49000E-06,+6.70854266733E+00
+3.50000E-06,+6.70854266733E+00
+3.51000E-06,+6.70854266733E+00
+3.52000E-06,+6.70854266733E+00
+3.53000E-06,+6.70854266733E+00
+3.54000E-06,+6.70854266733E+00
+3.55000E-06,+6.70854266733E+00
+3.56000E-06,+6.70854266733E+00
+3.57000E-06,+6.70854266733E+00
+3.58000E-06,+6.70854266733E+00
+3.59000E-06,+6.70854266733E+00
+3.60000E-06,+6.82914568484E+00
+3.61000E-06,+6.70854266733E+00
+3.62000E-06,+6.76884417609E+00
+3.63000E-06,+6.82914568484E+00
+3.64000E-06,+6.70854266733E+00
+3.65000E-06,+6.70854266733E+00
+3.66000E-06,+6.70854266733E+00
+3.67000E-06,+6.70854266733E+00
+3.68000E-06,+6.70854266733E+00
+3.69000E-06,+6.70854266733E+00
+3.70000E-06,+6.82914568484E+00
+3.71000E-06,+6.70854266733E+00
+3.72000E-06,+6.82914568484E+00
+3.73000E-06,+6.70854266733E+00
+3.74000E-06,+6.70854266733E+00
+3.75000E-06,+6.70854266733E+00
+3.76000E-06,+6.82914568484E+00
+3.77000E-06,+6.70854266733E+00
+3.78000E-06,+6.70854266733E+00
+3.79000E-06,+6.70854266733E+00
+3.80000E-06,+6.70854266733E+00
+3.81000E-06,+6.82914568484E+00
+3.82000E-06,+6.76884417609E+00
+3.83000E-06,+6.70854266733E+00
+3.84000E-06,+6.70854266733E+00
+3.85000E-06,+6.82914568484E+00
+3.86000E-06,+6.76884417609E+00
+3.87000E-06,+6.82914568484E+00
+3.88000E-06,+6.82914568484E+00
+3.89000E-06,+6.88944719360E+00
+3.90000E-06,+6.82914568484E+00
+3.91000E-06,+6.70854266733E+00
+3.92000E-06,+6.82914568484E+00
+3.93000E-06,+6.82914568484E+00
+3.94000E-06,+6.82914568484E+00
+3.95000E-06,+6.82914568484E+00
+3.96000E-06,+6.82914568484E+00
+3.97000E-06,+6.94974870235E+00
+3.98000E-06,+6.82914568484E+00
+3.99000E-06,+6.82914568484E+00
+4.00000E-06,+6.94974870235E+00
+4.01000E-06,+6.82914568484E+00
+4.02000E-06,+6.82914568484E+00
+4.03000E-06,+6.82914568484E+00
+4.04000E-06,+6.82914568484E+00
+4.05000E-06,+6.82914568484E+00
+4.06000E-06,+6.82914568484E+00
+4.07000E-06,+6.88944719358E+00
+4.08000E-06,+6.82914568484E+00
+4.09000E-06,+6.82914568484E+00
+4.10000E-06,+6.76884417609E+00
+4.11000E-06,+6.82914568484E+00
+4.12000E-06,+6.82914568484E+00
+4.13000E-06,+6.82914568484E+00
+4.14000E-06,+6.82914568484E+00
+4.15000E-06,+6.82914568484E+00
+4.16000E-06,+6.82914568484E+00
+4.17000E-06,+6.82914568484E+00
+4.18000E-06,+6.94974870235E+00
+4.19000E-06,+6.82914568484E+00
+4.20000E-06,+6.82914568484E+00
+4.21000E-06,+6.82914568484E+00
+4.22000E-06,+7.01005021111E+00
+4.23000E-06,+6.82914568484E+00
+4.24000E-06,+6.94974870235E+00
+4.25000E-06,+6.94974870235E+00
+4.26000E-06,+6.94974870235E+00
+4.27000E-06,+6.94974870235E+00
+4.28000E-06,+6.94974870235E+00
+4.29000E-06,+6.94974870235E+00
+4.30000E-06,+7.01005021111E+00
+4.31000E-06,+6.94974870235E+00
+4.32000E-06,+6.94974870235E+00
+4.33000E-06,+6.94974870235E+00
+4.34000E-06,+6.94974870235E+00
+4.35000E-06,+6.94974870235E+00
+4.36000E-06,+7.07035171986E+00
+4.37000E-06,+6.94974870235E+00
+4.38000E-06,+6.94974870235E+00
+4.39000E-06,+6.94974870235E+00
+4.40000E-06,+6.94974870235E+00
+4.41000E-06,+7.07035171986E+00
+4.42000E-06,+6.94974870235E+00
+4.43000E-06,+6.94974870235E+00
+4.44000E-06,+6.94974870235E+00
+4.45000E-06,+6.94974870235E+00
+4.46000E-06,+6.94974870235E+00
+4.47000E-06,+6.94974870235E+00
+4.48000E-06,+6.94974870235E+00
+4.49000E-06,+6.94974870235E+00
+4.50000E-06,+7.01005021111E+00
+4.51000E-06,+6.82914568484E+00
+4.52000E-06,+6.94974870235E+00
+4.53000E-06,+7.07035171986E+00
+4.54000E-06,+7.01005021111E+00
+4.55000E-06,+6.94974870235E+00
+4.56000E-06,+6.94974870235E+00
+4.57000E-06,+6.94974870235E+00
+4.58000E-06,+7.01005021111E+00
+4.59000E-06,+6.94974870235E+00
+4.60000E-06,+6.94974870235E+00
+4.61000E-06,+7.07035171986E+00
+4.62000E-06,+6.94974870235E+00
+4.63000E-06,+6.94974870235E+00
+4.64000E-06,+7.07035171986E+00
+4.65000E-06,+7.07035171986E+00
+4.66000E-06,+7.07035171986E+00
+4.67000E-06,+7.07035171986E+00
+4.68000E-06,+7.07035171986E+00
+4.69000E-06,+7.07035171986E+00
+4.70000E-06,+7.01005021111E+00
+4.71000E-06,+7.01005021111E+00
+4.72000E-06,+7.07035171986E+00
+4.73000E-06,+7.07035171986E+00
+4.74000E-06,+7.07035171986E+00
+4.75000E-06,+6.94974870235E+00
+4.76000E-06,+7.07035171986E+00
+4.77000E-06,+7.07035171986E+00
+4.78000E-06,+7.07035171986E+00
+4.79000E-06,+7.07035171986E+00
+4.80000E-06,+7.07035171986E+00
+4.81000E-06,+6.94974870235E+00
+4.82000E-06,+7.07035171986E+00
+4.83000E-06,+6.94974870235E+00
+4.84000E-06,+7.01005021109E+00
+4.85000E-06,+7.07035171986E+00
+4.86000E-06,+7.07035171986E+00
+4.87000E-06,+7.07035171986E+00
+4.88000E-06,+7.07035171986E+00
+4.89000E-06,+7.07035171986E+00
+4.90000E-06,+7.07035171986E+00
+4.91000E-06,+7.07035171986E+00
+4.92000E-06,+7.13065322860E+00
+4.93000E-06,+7.07035171986E+00
+4.94000E-06,+7.19095473737E+00
+4.95000E-06,+7.19095473737E+00
+4.96000E-06,+7.13065322860E+00
+4.97000E-06,+7.19095473737E+00
+4.98000E-06,+7.13065322862E+00
+4.99000E-06,+7.19095473737E+00
+5.00000E-06,+7.19095473737E+00
+5.01000E-06,+7.07035171986E+00
+5.02000E-06,+7.07035171986E+00
+5.03000E-06,+7.07035171986E+00
+5.04000E-06,+7.19095473737E+00
+5.05000E-06,+7.19095473737E+00
+5.06000E-06,+7.07035171986E+00
+5.07000E-06,+7.07035171986E+00
+5.08000E-06,+7.13065322860E+00
+5.09000E-06,+7.19095473737E+00
+5.10000E-06,+7.19095473737E+00
+5.11000E-06,+7.07035171986E+00
+5.12000E-06,+7.13065322860E+00
+5.13000E-06,+7.19095473737E+00
+5.14000E-06,+7.07035171986E+00
+5.15000E-06,+7.07035171986E+00
+5.16000E-06,+7.19095473737E+00
+5.17000E-06,+7.19095473737E+00
+5.18000E-06,+7.13065322862E+00
+5.19000E-06,+7.19095473737E+00
+5.20000E-06,+7.19095473737E+00
+5.21000E-06,+7.13065322862E+00
+5.22000E-06,+7.07035171986E+00
+5.23000E-06,+7.07035171986E+00
+5.24000E-06,+7.13065322860E+00
+5.25000E-06,+7.19095473737E+00
+5.26000E-06,+7.19095473737E+00
+5.27000E-06,+7.19095473737E+00
+5.28000E-06,+7.31155775487E+00
+5.29000E-06,+7.19095473737E+00
+5.30000E-06,+7.19095473737E+00
+5.31000E-06,+7.19095473737E+00
+5.32000E-06,+7.19095473737E+00
+5.33000E-06,+7.19095473737E+00
+5.34000E-06,+7.19095473737E+00
+5.35000E-06,+7.19095473737E+00
+5.36000E-06,+7.19095473737E+00
+5.37000E-06,+7.19095473737E+00
+5.38000E-06,+7.19095473737E+00
+5.39000E-06,+7.19095473737E+00
+5.40000E-06,+7.19095473737E+00
+5.41000E-06,+7.19095473737E+00
+5.42000E-06,+7.19095473737E+00
+5.43000E-06,+7.07035171986E+00
+5.44000E-06,+7.19095473737E+00
+5.45000E-06,+7.19095473737E+00
+5.46000E-06,+7.25125624613E+00
+5.47000E-06,+7.19095473737E+00
+5.48000E-06,+7.19095473737E+00
+5.49000E-06,+7.19095473737E+00
+5.50000E-06,+7.19095473737E+00
+5.51000E-06,+7.19095473737E+00
+5.52000E-06,+7.25125624613E+00
+5.53000E-06,+7.25125624613E+00
+5.54000E-06,+7.19095473737E+00
+5.55000E-06,+7.19095473737E+00
+5.56000E-06,+7.19095473737E+00
+5.57000E-06,+7.19095473737E+00
+5.58000E-06,+7.19095473737E+00
+5.59000E-06,+7.19095473737E+00
+5.60000E-06,+7.19095473737E+00
+5.61000E-06,+7.31155775487E+00
+5.62000E-06,+7.19095473737E+00
+5.63000E-06,+7.19095473737E+00
+5.64000E-06,+7.19095473737E+00
+5.65000E-06,+7.19095473737E+00
+5.66000E-06,+7.19095473737E+00
+5.67000E-06,+7.31155775487E+00
+5.68000E-06,+7.19095473737E+00
+5.69000E-06,+7.31155775487E+00
+5.70000E-06,+7.19095473737E+00
+5.71000E-06,+7.25125624613E+00
+5.72000E-06,+7.31155775487E+00
+5.73000E-06,+7.19095473737E+00
+5.74000E-06,+7.19095473737E+00
+5.75000E-06,+7.19095473737E+00
+5.76000E-06,+7.31155775487E+00
+5.77000E-06,+7.25125624613E+00
+5.78000E-06,+7.19095473737E+00
+5.79000E-06,+7.25125624613E+00
+5.80000E-06,+7.19095473737E+00
+5.81000E-06,+7.19095473737E+00
+5.82000E-06,+7.19095473737E+00
+5.83000E-06,+7.19095473737E+00
+5.84000E-06,+7.25125624613E+00
+5.85000E-06,+7.19095473737E+00
+5.86000E-06,+7.19095473737E+00
+5.87000E-06,+7.19095473737E+00
+5.88000E-06,+7.19095473737E+00
+5.89000E-06,+7.25125624613E+00
+5.90000E-06,+7.19095473737E+00
+5.91000E-06,+7.19095473737E+00
+5.92000E-06,+7.25125624611E+00
+5.93000E-06,+7.25125624613E+00
+5.94000E-06,+7.19095473737E+00
+5.95000E-06,+7.19095473737E+00
+5.96000E-06,+7.19095473737E+00
+5.97000E-06,+7.31155775487E+00
+5.98000E-06,+7.43216077238E+00
+5.99000E-06,+7.31155775487E+00
+6.00000E-06,+7.25125624611E+00
+6.01000E-06,+7.31155775487E+00
+6.02000E-06,+7.31155775487E+00
+6.03000E-06,+7.19095473737E+00
+6.04000E-06,+7.31155775487E+00
+6.05000E-06,+7.25125624613E+00
+6.06000E-06,+7.31155775487E+00
+6.07000E-06,+7.19095473737E+00
+6.08000E-06,+7.19095473737E+00
+6.09000E-06,+7.31155775487E+00
+6.10000E-06,+7.31155775487E+00
+6.11000E-06,+7.19095473737E+00
+6.12000E-06,+7.31155775487E+00
+6.13000E-06,+7.31155775487E+00
+6.14000E-06,+7.31155775487E+00
+6.15000E-06,+7.19095473737E+00
+6.16000E-06,+7.31155775487E+00
+6.17000E-06,+7.19095473737E+00
+6.18000E-06,+7.31155775487E+00
+6.19000E-06,+7.31155775487E+00
+6.20000E-06,+7.31155775487E+00
+6.21000E-06,+7.31155775487E+00
+6.22000E-06,+7.31155775487E+00
+6.23000E-06,+7.31155775487E+00
+6.24000E-06,+7.19095473737E+00
+6.25000E-06,+7.31155775487E+00
+6.26000E-06,+7.25125624613E+00
+6.27000E-06,+7.19095473737E+00
+6.28000E-06,+7.31155775487E+00
+6.29000E-06,+7.31155775487E+00
+6.30000E-06,+7.31155775487E+00
+6.31000E-06,+7.19095473737E+00
+6.32000E-06,+7.31155775487E+00
+6.33000E-06,+7.43216077238E+00
+6.34000E-06,+7.31155775487E+00
+6.35000E-06,+7.31155775487E+00
+6.36000E-06,+7.31155775487E+00
+6.37000E-06,+7.31155775487E+00
+6.38000E-06,+7.31155775487E+00
+6.39000E-06,+7.43216077238E+00
+6.40000E-06,+7.37185926361E+00
+6.41000E-06,+7.31155775487E+00
+6.42000E-06,+7.31155775487E+00
+6.43000E-06,+7.31155775487E+00
+6.44000E-06,+7.31155775487E+00
+6.45000E-06,+7.31155775487E+00
+6.46000E-06,+7.37185926364E+00
+6.47000E-06,+7.31155775487E+00
+6.48000E-06,+7.31155775487E+00
+6.49000E-06,+7.31155775487E+00
+6.50000E-06,+7.43216077238E+00
+6.51000E-06,+7.31155775487E+00
+6.52000E-06,+7.31155775487E+00
+6.53000E-06,+7.31155775487E+00
+6.54000E-06,+7.31155775487E+00
+6.55000E-06,+7.31155775487E+00
+6.56000E-06,+7.31155775487E+00
+6.57000E-06,+7.31155775487E+00
+6.58000E-06,+7.31155775487E+00
+6.59000E-06,+7.31155775487E+00
+6.60000E-06,+7.31155775487E+00
+6.61000E-06,+7.31155775487E+00
+6.62000E-06,+7.25125624613E+00
+6.63000E-06,+7.31155775487E+00
+6.64000E-06,+7.31155775487E+00
+6.65000E-06,+7.37185926364E+00
+6.66000E-06,+7.37185926364E+00
+6.67000E-06,+7.31155775487E+00
+6.68000E-06,+7.43216077238E+00
+6.69000E-06,+7.31155775487E+00
+6.70000E-06,+7.37185926364E+00
+6.71000E-06,+7.37185926364E+00
+6.72000E-06,+7.43216077238E+00
+6.73000E-06,+7.31155775487E+00
+6.74000E-06,+7.31155775487E+00
+6.75000E-06,+7.31155775487E+00
+6.76000E-06,+7.31155775487E+00
+6.77000E-06,+7.43216077238E+00
+6.78000E-06,+7.31155775487E+00
+6.79000E-06,+7.31155775487E+00
+6.80000E-06,+7.31155775487E+00
+6.81000E-06,+7.31155775487E+00
+6.82000E-06,+7.37185926364E+00
+6.83000E-06,+7.31155775487E+00
+6.84000E-06,+7.31155775487E+00
+6.85000E-06,+7.31155775487E+00
+6.86000E-06,+7.37185926364E+00
+6.87000E-06,+7.31155775487E+00
+6.88000E-06,+7.43216077238E+00
+6.89000E-06,+7.31155775487E+00
+6.90000E-06,+7.37185926364E+00
+6.91000E-06,+7.43216077238E+00
+6.92000E-06,+7.31155775487E+00
+6.93000E-06,+7.37185926364E+00
+6.94000E-06,+7.31155775487E+00
+6.95000E-06,+7.37185926364E+00
+6.96000E-06,+7.31155775487E+00
+6.97000E-06,+7.43216077238E+00
+6.98000E-06,+7.37185926364E+00
+6.99000E-06,+7.37185926364E+00
+7.00000E-06,+7.37185926361E+00
+7.01000E-06,+7.43216077238E+00
+7.02000E-06,+7.43216077238E+00
+7.03000E-06,+7.31155775487E+00
+7.04000E-06,+7.31155775487E+00
+7.05000E-06,+7.31155775487E+00
+7.06000E-06,+7.37185926364E+00
+7.07000E-06,+7.43216077238E+00
+7.08000E-06,+7.43216077238E+00
+7.09000E-06,+7.43216077238E+00
+7.10000E-06,+7.43216077238E+00
+7.11000E-06,+7.31155775487E+00
+7.12000E-06,+7.31155775487E+00
+7.13000E-06,+7.43216077238E+00
+7.14000E-06,+7.31155775487E+00
+7.15000E-06,+7.43216077238E+00
+7.16000E-06,+7.43216077238E+00
+7.17000E-06,+7.31155775487E+00
+7.18000E-06,+7.43216077238E+00
+7.19000E-06,+7.31155775487E+00
+7.20000E-06,+7.43216077238E+00
+7.21000E-06,+7.43216077238E+00
+7.22000E-06,+7.43216077238E+00
+7.23000E-06,+7.43216077238E+00
+7.24000E-06,+7.43216077238E+00
+7.25000E-06,+7.31155775487E+00
+7.26000E-06,+7.31155775487E+00
+7.27000E-06,+7.31155775487E+00
+7.28000E-06,+7.31155775487E+00
+7.29000E-06,+7.31155775487E+00
+7.30000E-06,+7.37185926365E+00
+7.31000E-06,+7.43216077238E+00
+7.32000E-06,+7.43216077238E+00
+7.33000E-06,+7.43216077238E+00
+7.34000E-06,+7.37185926365E+00
+7.35000E-06,+7.43216077238E+00
+7.36000E-06,+7.43216077238E+00
+7.37000E-06,+7.31155775487E+00
+7.38000E-06,+7.43216077238E+00
+7.39000E-06,+7.43216077238E+00
+7.40000E-06,+7.43216077238E+00
+7.41000E-06,+7.43216077238E+00
+7.42000E-06,+7.31155775487E+00
+7.43000E-06,+7.43216077238E+00
+7.44000E-06,+7.43216077238E+00
+7.45000E-06,+7.43216077238E+00
+7.46000E-06,+7.43216077238E+00
+7.47000E-06,+7.43216077238E+00
+7.48000E-06,+7.43216077238E+00
+7.49000E-06,+7.43216077238E+00
+7.50000E-06,+7.49246228115E+00
+7.51000E-06,+7.43216077238E+00
+7.52000E-06,+7.43216077238E+00
+7.53000E-06,+7.31155775487E+00
+7.54000E-06,+7.43216077238E+00
+7.55000E-06,+7.43216077238E+00
+7.56000E-06,+7.31155775487E+00
+7.57000E-06,+7.43216077238E+00
+7.58000E-06,+7.43216077238E+00
+7.59000E-06,+7.37185926365E+00
+7.60000E-06,+7.31155775487E+00
+7.61000E-06,+7.43216077238E+00
+7.62000E-06,+7.43216077238E+00
+7.63000E-06,+7.43216077238E+00
+7.64000E-06,+7.43216077238E+00
+7.65000E-06,+7.55276378989E+00
+7.66000E-06,+7.43216077238E+00
+7.67000E-06,+7.43216077238E+00
+7.68000E-06,+7.31155775487E+00
+7.69000E-06,+7.43216077238E+00
+7.70000E-06,+7.31155775487E+00
+7.71000E-06,+7.43216077238E+00
+7.72000E-06,+7.43216077238E+00
+7.73000E-06,+7.43216077238E+00
+7.74000E-06,+7.55276378989E+00
+7.75000E-06,+7.43216077238E+00
+7.76000E-06,+7.43216077238E+00
+7.77000E-06,+7.55276378989E+00
+7.78000E-06,+7.43216077238E+00
+7.79000E-06,+7.43216077238E+00
+7.80000E-06,+7.43216077238E+00
+7.81000E-06,+7.43216077238E+00
+7.82000E-06,+7.43216077238E+00
+7.83000E-06,+7.31155775487E+00
+7.84000E-06,+7.43216077238E+00
+7.85000E-06,+7.49246228116E+00
+7.86000E-06,+7.55276378989E+00
+7.87000E-06,+7.55276378989E+00
+7.88000E-06,+7.43216077238E+00
+7.89000E-06,+7.43216077238E+00
+7.90000E-06,+7.43216077238E+00
+7.91000E-06,+7.43216077238E+00
+7.92000E-06,+7.43216077238E+00
+7.93000E-06,+7.43216077238E+00
+7.94000E-06,+7.37185926365E+00
+7.95000E-06,+7.37185926361E+00
+7.96000E-06,+7.49246228116E+00
+7.97000E-06,+7.43216077238E+00
+7.98000E-06,+7.43216077238E+00
+7.99000E-06,+7.43216077238E+00
+8.00000E-06,+7.37185926361E+00
+8.01000E-06,+7.43216077238E+00
+8.02000E-06,+7.43216077238E+00
+8.03000E-06,+7.43216077238E+00
+8.04000E-06,+7.43216077238E+00
+8.05000E-06,+7.43216077238E+00
+8.06000E-06,+7.43216077238E+00
+8.07000E-06,+7.43216077238E+00
+8.08000E-06,+7.43216077238E+00
+8.09000E-06,+7.43216077238E+00
+8.10000E-06,+7.43216077238E+00
+8.11000E-06,+7.43216077238E+00
+8.12000E-06,+7.43216077238E+00
+8.13000E-06,+7.43216077238E+00
+8.14000E-06,+7.49246228116E+00
+8.15000E-06,+7.43216077238E+00
+8.16000E-06,+7.43216077238E+00
+8.17000E-06,+7.43216077238E+00
+8.18000E-06,+7.55276378989E+00
+8.19000E-06,+7.43216077238E+00
+8.20000E-06,+7.43216077238E+00
+8.21000E-06,+7.49246228112E+00
+8.22000E-06,+7.43216077238E+00
+8.23000E-06,+7.43216077238E+00
+8.24000E-06,+7.43216077238E+00
+8.25000E-06,+7.49246228116E+00
+8.26000E-06,+7.55276378989E+00
+8.27000E-06,+7.43216077238E+00
+8.28000E-06,+7.55276378989E+00
+8.29000E-06,+7.43216077238E+00
+8.30000E-06,+7.49246228116E+00
+8.31000E-06,+7.43216077238E+00
+8.32000E-06,+7.49246228112E+00
+8.33000E-06,+7.43216077238E+00
+8.34000E-06,+7.43216077238E+00
+8.35000E-06,+7.43216077238E+00
+8.36000E-06,+7.43216077238E+00
+8.37000E-06,+7.43216077238E+00
+8.38000E-06,+7.43216077238E+00
+8.39000E-06,+7.43216077238E+00
+8.40000E-06,+7.55276378989E+00
+8.41000E-06,+7.43216077238E+00
+8.42000E-06,+7.43216077238E+00
+8.43000E-06,+7.43216077238E+00
+8.44000E-06,+7.43216077238E+00
+8.45000E-06,+7.43216077238E+00
+8.46000E-06,+7.55276378989E+00
+8.47000E-06,+7.55276378989E+00
+8.48000E-06,+7.55276378989E+00
+8.49000E-06,+7.55276378989E+00
+8.50000E-06,+7.43216077238E+00
+8.51000E-06,+7.43216077238E+00
+8.52000E-06,+7.55276378989E+00
+8.53000E-06,+7.55276378989E+00
+8.54000E-06,+7.43216077238E+00
+8.55000E-06,+7.43216077238E+00
+8.56000E-06,+7.43216077238E+00
+8.57000E-06,+7.43216077238E+00
+8.58000E-06,+7.55276378989E+00
+8.59000E-06,+7.55276378989E+00
+8.60000E-06,+7.43216077238E+00
+8.61000E-06,+7.49246228116E+00
+8.62000E-06,+7.43216077238E+00
+8.63000E-06,+7.55276378989E+00
+8.64000E-06,+7.55276378989E+00
+8.65000E-06,+7.55276378989E+00
+8.66000E-06,+7.49246228116E+00
+8.67000E-06,+7.55276378989E+00
+8.68000E-06,+7.55276378989E+00
+8.69000E-06,+7.43216077238E+00
+8.70000E-06,+7.43216077238E+00
+8.71000E-06,+7.43216077238E+00
+8.72000E-06,+7.55276378989E+00
+8.73000E-06,+7.55276378989E+00
+8.74000E-06,+7.61306529867E+00
+8.75000E-06,+7.49246228116E+00
+8.76000E-06,+7.43216077238E+00
+8.77000E-06,+7.55276378989E+00
+8.78000E-06,+7.55276378989E+00
+8.79000E-06,+7.49246228116E+00
+8.80000E-06,+7.55276378989E+00
+8.81000E-06,+7.55276378989E+00
+8.82000E-06,+7.43216077238E+00
+8.83000E-06,+7.43216077238E+00
+8.84000E-06,+7.43216077238E+00
+8.85000E-06,+7.55276378989E+00
+8.86000E-06,+7.55276378989E+00
+8.87000E-06,+7.55276378989E+00
+8.88000E-06,+7.55276378989E+00
+8.89000E-06,+7.43216077238E+00
+8.90000E-06,+7.55276378989E+00
+8.91000E-06,+7.55276378989E+00
+8.92000E-06,+7.55276378989E+00
+8.93000E-06,+7.55276378989E+00
+8.94000E-06,+7.55276378989E+00
+8.95000E-06,+7.43216077238E+00
+8.96000E-06,+7.43216077238E+00
+8.97000E-06,+7.55276378989E+00
+8.98000E-06,+7.49246228116E+00
+8.99000E-06,+7.49246228116E+00
+9.00000E-06,+7.55276378989E+00
+9.01000E-06,+7.49246228112E+00
+9.02000E-06,+7.55276378989E+00
+9.03000E-06,+7.43216077238E+00
+9.04000E-06,+7.43216077238E+00
+9.05000E-06,+7.55276378989E+00
+9.06000E-06,+7.49246228116E+00
+9.07000E-06,+7.43216077238E+00
+9.08000E-06,+7.55276378989E+00
+9.09000E-06,+7.43216077238E+00
+9.10000E-06,+7.55276378989E+00
+9.11000E-06,+7.49246228116E+00
+9.12000E-06,+7.55276378989E+00
+9.13000E-06,+7.55276378989E+00
+9.14000E-06,+7.55276378989E+00
+9.15000E-06,+7.55276378989E+00
+9.16000E-06,+7.55276378989E+00
+9.17000E-06,+7.55276378989E+00
+9.18000E-06,+7.55276378989E+00
+9.19000E-06,+7.49246228116E+00
+9.20000E-06,+7.55276378989E+00
+9.21000E-06,+7.55276378989E+00
+9.22000E-06,+7.55276378989E+00
+9.23000E-06,+7.43216077238E+00
+9.24000E-06,+7.55276378989E+00
+9.25000E-06,+7.49246228112E+00
+9.26000E-06,+7.55276378989E+00
+9.27000E-06,+7.43216077238E+00
+9.28000E-06,+7.55276378989E+00
+9.29000E-06,+7.55276378989E+00
+9.30000E-06,+7.55276378989E+00
+9.31000E-06,+7.61306529867E+00
+9.32000E-06,+7.55276378989E+00
+9.33000E-06,+7.55276378989E+00
+9.34000E-06,+7.55276378989E+00
+9.35000E-06,+7.49246228116E+00
+9.36000E-06,+7.55276378989E+00
+9.37000E-06,+7.61306529867E+00
+9.38000E-06,+7.55276378989E+00
+9.39000E-06,+7.55276378989E+00
+9.40000E-06,+7.55276378989E+00
+9.41000E-06,+7.43216077238E+00
+9.42000E-06,+7.55276378989E+00
+9.43000E-06,+7.49246228116E+00
+9.44000E-06,+7.55276378989E+00
+9.45000E-06,+7.55276378989E+00
+9.46000E-06,+7.55276378989E+00
+9.47000E-06,+7.55276378989E+00
+9.48000E-06,+7.55276378989E+00
+9.49000E-06,+7.55276378989E+00
+9.50000E-06,+7.55276378989E+00
+9.51000E-06,+7.55276378989E+00
+9.52000E-06,+7.43216077238E+00
+9.53000E-06,+7.55276378989E+00
+9.54000E-06,+7.55276378989E+00
+9.55000E-06,+7.55276378989E+00
+9.56000E-06,+7.55276378989E+00
+9.57000E-06,+7.67336680740E+00
+9.58000E-06,+7.67336680740E+00
+9.59000E-06,+7.55276378989E+00
+9.60000E-06,+7.55276378989E+00
+9.61000E-06,+7.55276378989E+00
+9.62000E-06,+7.55276378989E+00
+9.63000E-06,+7.43216077238E+00
+9.64000E-06,+7.55276378989E+00
+9.65000E-06,+7.55276378989E+00
+9.66000E-06,+7.55276378989E+00
+9.67000E-06,+7.55276378989E+00
+9.68000E-06,+7.55276378989E+00
+9.69000E-06,+7.55276378989E+00
+9.70000E-06,+7.55276378989E+00
+9.71000E-06,+7.43216077238E+00
+9.72000E-06,+7.55276378989E+00
+9.73000E-06,+7.55276378989E+00
+9.74000E-06,+7.55276378989E+00
+9.75000E-06,+7.43216077238E+00
+9.76000E-06,+7.55276378989E+00
+9.77000E-06,+7.55276378989E+00
+9.78000E-06,+7.49246228116E+00
+9.79000E-06,+7.55276378989E+00
+9.80000E-06,+7.55276378989E+00
+9.81000E-06,+7.55276378989E+00
+9.82000E-06,+7.55276378989E+00
+9.83000E-06,+7.55276378989E+00
+9.84000E-06,+7.55276378989E+00
+9.85000E-06,+7.55276378989E+00
+9.86000E-06,+7.55276378989E+00
+9.87000E-06,+7.43216077238E+00
+9.88000E-06,+7.55276378989E+00
+9.89000E-06,+7.61306529867E+00
+9.90000E-06,+7.55276378989E+00
+9.91000E-06,+7.55276378989E+00
+9.92000E-06,+7.55276378989E+00
+9.93000E-06,+7.49246228116E+00
+9.94000E-06,+7.55276378989E+00
+9.95000E-06,+7.43216077238E+00
+9.96000E-06,+7.43216077238E+00
+9.97000E-06,+7.55276378989E+00
+9.98000E-06,+7.55276378989E+00
+9.99000E-06,+7.55276378989E+00
+10.00000E-06,+7.55276378989E+00
+10.01000E-06,+7.55276378989E+00
+10.02000E-06,+7.55276378989E+00
+10.03000E-06,+7.55276378989E+00
+10.04000E-06,+7.55276378989E+00
+10.05000E-06,+7.67336680740E+00
+10.06000E-06,+7.55276378989E+00
+10.07000E-06,+7.55276378989E+00
+10.08000E-06,+7.55276378989E+00
+10.09000E-06,+7.61306529867E+00
+10.10000E-06,+7.55276378989E+00
+10.11000E-06,+7.49246228116E+00
+10.12000E-06,+7.55276378989E+00
+10.13000E-06,+7.55276378989E+00
+10.14000E-06,+7.55276378989E+00
+10.15000E-06,+7.55276378989E+00
+10.16000E-06,+7.61306529862E+00
+10.17000E-06,+7.55276378989E+00
+10.18000E-06,+7.55276378989E+00
+10.19000E-06,+7.61306529867E+00
+10.20000E-06,+7.55276378989E+00
+10.21000E-06,+7.55276378989E+00
+10.22000E-06,+7.55276378989E+00
+10.23000E-06,+7.55276378989E+00
+10.24000E-06,+7.55276378989E+00
+10.25000E-06,+7.55276378989E+00
+10.26000E-06,+7.67336680740E+00
+10.27000E-06,+7.67336680740E+00
+10.28000E-06,+7.55276378989E+00
+10.29000E-06,+7.43216077238E+00
+10.30000E-06,+7.55276378989E+00
+10.31000E-06,+7.55276378989E+00
+10.32000E-06,+7.55276378989E+00
+10.33000E-06,+7.55276378989E+00
+10.34000E-06,+7.55276378989E+00
+10.35000E-06,+7.55276378989E+00
+10.36000E-06,+7.55276378989E+00
+10.37000E-06,+7.55276378989E+00
+10.38000E-06,+7.55276378989E+00
+10.39000E-06,+7.55276378989E+00
+10.40000E-06,+7.55276378989E+00
+10.41000E-06,+7.55276378989E+00
+10.42000E-06,+7.55276378989E+00
+10.43000E-06,+7.55276378989E+00
+10.44000E-06,+7.55276378989E+00
+10.45000E-06,+7.55276378989E+00
+10.46000E-06,+7.55276378989E+00
+10.47000E-06,+7.55276378989E+00
+10.48000E-06,+7.55276378989E+00
+10.49000E-06,+7.55276378989E+00
+10.50000E-06,+7.55276378989E+00
+10.51000E-06,+7.55276378989E+00
+10.52000E-06,+7.67336680740E+00
+10.53000E-06,+7.55276378989E+00
+10.54000E-06,+7.55276378989E+00
+10.55000E-06,+7.55276378989E+00
+10.56000E-06,+7.55276378989E+00
+10.57000E-06,+7.55276378989E+00
+10.58000E-06,+7.55276378989E+00
+10.59000E-06,+7.61306529862E+00
+10.60000E-06,+7.55276378989E+00
+10.61000E-06,+7.55276378989E+00
+10.62000E-06,+7.55276378989E+00
+10.63000E-06,+7.55276378989E+00
+10.64000E-06,+7.55276378989E+00
+10.65000E-06,+7.55276378989E+00
+10.66000E-06,+7.55276378989E+00
+10.67000E-06,+7.55276378989E+00
+10.68000E-06,+7.55276378989E+00
+10.69000E-06,+7.55276378989E+00
+10.70000E-06,+7.61306529867E+00
+10.71000E-06,+7.43216077238E+00
+10.72000E-06,+7.55276378989E+00
+10.73000E-06,+7.55276378989E+00
+10.74000E-06,+7.55276378989E+00
+10.75000E-06,+7.43216077238E+00
+10.76000E-06,+7.55276378989E+00
+10.77000E-06,+7.55276378989E+00
+10.78000E-06,+7.49246228116E+00
+10.79000E-06,+7.55276378989E+00
+10.80000E-06,+7.55276378989E+00
+10.81000E-06,+7.55276378989E+00
+10.82000E-06,+7.55276378989E+00
+10.83000E-06,+7.55276378989E+00
+10.84000E-06,+7.49246228111E+00
+10.85000E-06,+7.67336680740E+00
+10.86000E-06,+7.55276378989E+00
+10.87000E-06,+7.55276378989E+00
+10.88000E-06,+7.55276378989E+00
+10.89000E-06,+7.55276378989E+00
+10.90000E-06,+7.55276378989E+00
+10.91000E-06,+7.67336680740E+00
+10.92000E-06,+7.55276378989E+00
+10.93000E-06,+7.55276378989E+00
+10.94000E-06,+7.55276378989E+00
+10.95000E-06,+7.55276378989E+00
+10.96000E-06,+7.55276378989E+00
+10.97000E-06,+7.55276378989E+00
+10.98000E-06,+7.67336680740E+00
+10.99000E-06,+7.55276378989E+00
+11.00000E-06,+7.55276378989E+00
+11.01000E-06,+7.55276378989E+00
+11.02000E-06,+7.55276378989E+00
+11.03000E-06,+7.55276378989E+00
+11.04000E-06,+7.61306529862E+00
+11.05000E-06,+7.55276378989E+00
+11.06000E-06,+7.55276378989E+00
+11.07000E-06,+7.55276378989E+00
+11.08000E-06,+7.55276378989E+00
+11.09000E-06,+7.55276378989E+00
+11.10000E-06,+7.55276378989E+00
+11.11000E-06,+7.55276378989E+00
+11.12000E-06,+7.55276378989E+00
+11.13000E-06,+7.55276378989E+00
+11.14000E-06,+7.55276378989E+00
+11.15000E-06,+7.55276378989E+00
+11.16000E-06,+7.55276378989E+00
+11.17000E-06,+7.67336680740E+00
+11.18000E-06,+7.55276378989E+00
+11.19000E-06,+7.43216077238E+00
+11.20000E-06,+7.55276378989E+00
+11.21000E-06,+7.55276378989E+00
+11.22000E-06,+7.55276378989E+00
+11.23000E-06,+7.55276378989E+00
+11.24000E-06,+7.55276378989E+00
+11.25000E-06,+7.55276378989E+00
+11.26000E-06,+7.55276378989E+00
+11.27000E-06,+7.55276378989E+00
+11.28000E-06,+7.55276378989E+00
+11.29000E-06,+7.55276378989E+00
+11.30000E-06,+7.55276378989E+00
+11.31000E-06,+7.55276378989E+00
+11.32000E-06,+7.55276378989E+00
+11.33000E-06,+7.55276378989E+00
+11.34000E-06,+7.67336680740E+00
+11.35000E-06,+7.55276378989E+00
+11.36000E-06,+7.55276378989E+00
+11.37000E-06,+7.67336680740E+00
+11.38000E-06,+7.55276378989E+00
+11.39000E-06,+7.55276378989E+00
+11.40000E-06,+7.55276378989E+00
+11.41000E-06,+7.55276378989E+00
+11.42000E-06,+7.61306529867E+00
+11.43000E-06,+7.55276378989E+00
+11.44000E-06,+7.55276378989E+00
+11.45000E-06,+7.55276378989E+00
+11.46000E-06,+7.55276378989E+00
+11.47000E-06,+7.55276378989E+00
+11.48000E-06,+7.67336680740E+00
+11.49000E-06,+7.67336680740E+00
+11.50000E-06,+7.55276378989E+00
+11.51000E-06,+7.55276378989E+00
+11.52000E-06,+7.67336680740E+00
+11.53000E-06,+7.67336680740E+00
+11.54000E-06,+7.55276378989E+00
+11.55000E-06,+7.55276378989E+00
+11.56000E-06,+7.55276378989E+00
+11.57000E-06,+7.61306529867E+00
+11.58000E-06,+7.67336680740E+00
+11.59000E-06,+7.67336680740E+00
+11.60000E-06,+7.55276378989E+00
+11.61000E-06,+7.55276378989E+00
+11.62000E-06,+7.55276378989E+00
+11.63000E-06,+7.55276378989E+00
+11.64000E-06,+7.61306529862E+00
+11.65000E-06,+7.61306529862E+00
+11.66000E-06,+7.61306529867E+00
+11.67000E-06,+7.67336680740E+00
+11.68000E-06,+7.55276378989E+00
+11.69000E-06,+7.55276378989E+00
+11.70000E-06,+7.55276378989E+00
+11.71000E-06,+7.55276378989E+00
+11.72000E-06,+7.67336680740E+00
+11.73000E-06,+7.67336680740E+00
+11.74000E-06,+7.61306529867E+00
+11.75000E-06,+7.55276378989E+00
+11.76000E-06,+7.55276378989E+00
+11.77000E-06,+7.67336680740E+00
+11.78000E-06,+7.55276378989E+00
+11.79000E-06,+7.55276378989E+00
+11.80000E-06,+7.55276378989E+00
+11.81000E-06,+7.67336680740E+00
+11.82000E-06,+7.55276378989E+00
+11.83000E-06,+7.55276378989E+00
+11.84000E-06,+7.55276378989E+00
+11.85000E-06,+7.55276378989E+00
+11.86000E-06,+7.55276378989E+00
+11.87000E-06,+7.67336680740E+00
+11.88000E-06,+7.55276378989E+00
+11.89000E-06,+7.61306529867E+00
+11.90000E-06,+7.67336680740E+00
+11.91000E-06,+7.67336680740E+00
+11.92000E-06,+7.67336680740E+00
+11.93000E-06,+7.67336680740E+00
+11.94000E-06,+7.61306529867E+00
+11.95000E-06,+7.67336680740E+00
+11.96000E-06,+7.61306529867E+00
+11.97000E-06,+7.55276378989E+00
+11.98000E-06,+7.67336680740E+00
+11.99000E-06,+7.67336680740E+00
+12.00000E-06,+7.67336680740E+00
+12.01000E-06,+7.61306529867E+00
+12.02000E-06,+7.67336680740E+00
+12.03000E-06,+7.55276378989E+00
+12.04000E-06,+7.55276378989E+00
+12.05000E-06,+7.55276378989E+00
+12.06000E-06,+7.55276378989E+00
+12.07000E-06,+7.43216077238E+00
+12.08000E-06,+7.55276378989E+00
+12.09000E-06,+7.55276378989E+00
+12.10000E-06,+7.55276378989E+00
+12.11000E-06,+7.61306529862E+00
+12.12000E-06,+7.55276378989E+00
+12.13000E-06,+7.67336680740E+00
+12.14000E-06,+7.55276378989E+00
+12.15000E-06,+7.55276378989E+00
+12.16000E-06,+7.55276378989E+00
+12.17000E-06,+7.67336680740E+00
+12.18000E-06,+7.67336680740E+00
+12.19000E-06,+7.55276378989E+00
+12.20000E-06,+7.67336680740E+00
+12.21000E-06,+7.55276378989E+00
+12.22000E-06,+7.67336680740E+00
+12.23000E-06,+7.55276378989E+00
+12.24000E-06,+7.55276378989E+00
+12.25000E-06,+7.55276378989E+00
+12.26000E-06,+7.55276378989E+00
+12.27000E-06,+7.55276378989E+00
+12.28000E-06,+7.55276378989E+00
+12.29000E-06,+7.67336680740E+00
+12.30000E-06,+7.61306529867E+00
+12.31000E-06,+7.55276378989E+00
+12.32000E-06,+7.55276378989E+00
+12.33000E-06,+7.67336680740E+00
+12.34000E-06,+7.61306529867E+00
+12.35000E-06,+7.67336680740E+00
+12.36000E-06,+7.67336680740E+00
+12.37000E-06,+7.55276378989E+00
+12.38000E-06,+7.55276378989E+00
+12.39000E-06,+7.55276378989E+00
+12.40000E-06,+7.55276378989E+00
+12.41000E-06,+7.55276378989E+00
+12.42000E-06,+7.67336680740E+00
+12.43000E-06,+7.55276378989E+00
+12.44000E-06,+7.55276378989E+00
+12.45000E-06,+7.55276378989E+00
+12.46000E-06,+7.55276378989E+00
+12.47000E-06,+7.55276378989E+00
+12.48000E-06,+7.55276378989E+00
+12.49000E-06,+7.67336680740E+00
+12.50000E-06,+7.55276378989E+00
+12.51000E-06,+7.55276378989E+00
+12.52000E-06,+7.55276378989E+00
+12.53000E-06,+7.55276378989E+00
+12.54000E-06,+7.55276378989E+00
+12.55000E-06,+7.61306529862E+00
+12.56000E-06,+7.67336680740E+00
+12.57000E-06,+7.55276378989E+00
+12.58000E-06,+7.67336680740E+00
+12.59000E-06,+7.55276378989E+00
+12.60000E-06,+7.61306529868E+00
+12.61000E-06,+7.67336680740E+00
+12.62000E-06,+7.55276378989E+00
+12.63000E-06,+7.55276378989E+00
+12.64000E-06,+7.55276378989E+00
+12.65000E-06,+7.67336680740E+00
+12.66000E-06,+7.55276378989E+00
+12.67000E-06,+7.55276378989E+00
+12.68000E-06,+7.55276378989E+00
+12.69000E-06,+7.55276378989E+00
+12.70000E-06,+7.61306529868E+00
+12.71000E-06,+7.67336680740E+00
+12.72000E-06,+7.67336680740E+00
+12.73000E-06,+7.55276378989E+00
+12.74000E-06,+7.67336680740E+00
+12.75000E-06,+7.55276378989E+00
+12.76000E-06,+7.55276378989E+00
+12.77000E-06,+7.61306529868E+00
+12.78000E-06,+7.61306529868E+00
+12.79000E-06,+7.55276378989E+00
+12.80000E-06,+7.55276378989E+00
+12.81000E-06,+7.61306529862E+00
+12.82000E-06,+7.55276378989E+00
+12.83000E-06,+7.61306529862E+00
+12.84000E-06,+7.55276378989E+00
+12.85000E-06,+7.61306529862E+00
+12.86000E-06,+7.55276378989E+00
+12.87000E-06,+7.55276378989E+00
+12.88000E-06,+7.55276378989E+00
+12.89000E-06,+7.55276378989E+00
+12.90000E-06,+7.55276378989E+00
+12.91000E-06,+7.67336680740E+00
+12.92000E-06,+7.67336680740E+00
+12.93000E-06,+7.55276378989E+00
+12.94000E-06,+7.55276378989E+00
+12.95000E-06,+7.49246228111E+00
+12.96000E-06,+7.55276378989E+00
+12.97000E-06,+7.55276378989E+00
+12.98000E-06,+7.55276378989E+00
+12.99000E-06,+7.55276378989E+00
+13.00000E-06,+7.67336680740E+00
+13.01000E-06,+7.67336680740E+00
+13.02000E-06,+7.55276378989E+00
+13.03000E-06,+7.55276378989E+00
+13.04000E-06,+7.67336680740E+00
+13.05000E-06,+7.55276378989E+00
+13.06000E-06,+7.55276378989E+00
+13.07000E-06,+7.61306529868E+00
+13.08000E-06,+7.55276378989E+00
+13.09000E-06,+7.55276378989E+00
+13.10000E-06,+7.55276378989E+00
+13.11000E-06,+7.55276378989E+00
+13.12000E-06,+7.67336680740E+00
+13.13000E-06,+7.55276378989E+00
+13.14000E-06,+7.55276378989E+00
+13.15000E-06,+7.55276378989E+00
+13.16000E-06,+7.55276378989E+00
+13.17000E-06,+7.61306529862E+00
+13.18000E-06,+7.55276378989E+00
+13.19000E-06,+7.55276378989E+00
+13.20000E-06,+7.55276378989E+00
+13.21000E-06,+7.67336680740E+00
+13.22000E-06,+7.67336680740E+00
+13.23000E-06,+7.55276378989E+00
+13.24000E-06,+7.55276378989E+00
+13.25000E-06,+7.67336680740E+00
+13.26000E-06,+7.67336680740E+00
+13.27000E-06,+7.55276378989E+00
+13.28000E-06,+7.67336680740E+00
+13.29000E-06,+7.61306529868E+00
+13.30000E-06,+7.67336680740E+00
+13.31000E-06,+7.55276378989E+00
+13.32000E-06,+7.55276378989E+00
+13.33000E-06,+7.55276378989E+00
+13.34000E-06,+7.55276378989E+00
+13.35000E-06,+7.55276378989E+00
+13.36000E-06,+7.67336680740E+00
+13.37000E-06,+7.55276378989E+00
+13.38000E-06,+7.61306529868E+00
+13.39000E-06,+7.55276378989E+00
+13.40000E-06,+7.61306529868E+00
+13.41000E-06,+7.55276378989E+00
+13.42000E-06,+7.55276378989E+00
+13.43000E-06,+7.55276378989E+00
+13.44000E-06,+7.55276378989E+00
+13.45000E-06,+7.55276378989E+00
+13.46000E-06,+7.61306529868E+00
+13.47000E-06,+7.55276378989E+00
+13.48000E-06,+7.67336680740E+00
+13.49000E-06,+7.67336680740E+00
+13.50000E-06,+7.67336680740E+00
+13.51000E-06,+7.55276378989E+00
+13.52000E-06,+7.55276378989E+00
+13.53000E-06,+7.67336680740E+00
+13.54000E-06,+7.55276378989E+00
+13.55000E-06,+7.55276378989E+00
+13.56000E-06,+7.55276378989E+00
+13.57000E-06,+7.55276378989E+00
+13.58000E-06,+7.55276378989E+00
+13.59000E-06,+7.55276378989E+00
+13.60000E-06,+7.67336680740E+00
+13.61000E-06,+7.55276378989E+00
+13.62000E-06,+7.55276378989E+00
+13.63000E-06,+7.67336680740E+00
+13.64000E-06,+7.55276378989E+00
+13.65000E-06,+7.55276378989E+00
+13.66000E-06,+7.55276378989E+00
+13.67000E-06,+7.55276378989E+00
+13.68000E-06,+7.55276378989E+00
+13.69000E-06,+7.55276378989E+00
+13.70000E-06,+7.55276378989E+00
+13.71000E-06,+7.55276378989E+00
+13.72000E-06,+7.55276378989E+00
+13.73000E-06,+7.67336680740E+00
+13.74000E-06,+7.67336680740E+00
+13.75000E-06,+7.55276378989E+00
+13.76000E-06,+7.55276378989E+00
+13.77000E-06,+7.55276378989E+00
+13.78000E-06,+7.55276378989E+00
+13.79000E-06,+7.61306529862E+00
+13.80000E-06,+7.61306529868E+00
+13.81000E-06,+7.55276378989E+00
+13.82000E-06,+7.55276378989E+00
+13.83000E-06,+7.55276378989E+00
+13.84000E-06,+7.55276378989E+00
+13.85000E-06,+7.55276378989E+00
+13.86000E-06,+7.55276378989E+00
+13.87000E-06,+7.55276378989E+00
+13.88000E-06,+7.67336680740E+00
+13.89000E-06,+7.67336680740E+00
+13.90000E-06,+7.55276378989E+00
+13.91000E-06,+7.55276378989E+00
+13.92000E-06,+7.67336680740E+00
+13.93000E-06,+7.67336680740E+00
+13.94000E-06,+7.55276378989E+00
+13.95000E-06,+7.55276378989E+00
+13.96000E-06,+7.55276378989E+00
+13.97000E-06,+7.67336680740E+00
+13.98000E-06,+7.55276378989E+00
+13.99000E-06,+7.55276378989E+00
+14.00000E-06,+7.55276378989E+00
+14.01000E-06,+7.55276378989E+00
+14.02000E-06,+7.55276378989E+00
+14.03000E-06,+7.55276378989E+00
+14.04000E-06,+7.67336680740E+00
+14.05000E-06,+7.49246228117E+00
+14.06000E-06,+7.61306529868E+00
+14.07000E-06,+7.55276378989E+00
+14.08000E-06,+7.55276378989E+00
+14.09000E-06,+7.67336680740E+00
+14.10000E-06,+7.55276378989E+00
+14.11000E-06,+7.55276378989E+00
+14.12000E-06,+7.55276378989E+00
+14.13000E-06,+7.55276378989E+00
+14.14000E-06,+7.67336680740E+00
+14.15000E-06,+7.55276378989E+00
+14.16000E-06,+7.55276378989E+00
+14.17000E-06,+7.55276378989E+00
+14.18000E-06,+7.55276378989E+00
+14.19000E-06,+7.55276378989E+00
+14.20000E-06,+7.61306529868E+00
+14.21000E-06,+7.61306529868E+00
+14.22000E-06,+7.67336680740E+00
+14.23000E-06,+7.61306529861E+00
+14.24000E-06,+7.61306529868E+00
+14.25000E-06,+7.61306529868E+00
+14.26000E-06,+7.67336680740E+00
+14.27000E-06,+7.55276378989E+00
+14.28000E-06,+7.67336680740E+00
+14.29000E-06,+7.55276378989E+00
+14.30000E-06,+7.67336680740E+00
+14.31000E-06,+7.55276378989E+00
+14.32000E-06,+7.61306529868E+00
+14.33000E-06,+7.55276378989E+00
+14.34000E-06,+7.67336680740E+00
+14.35000E-06,+7.55276378989E+00
+14.36000E-06,+7.55276378989E+00
+14.37000E-06,+7.55276378989E+00
+14.38000E-06,+7.55276378989E+00
+14.39000E-06,+7.55276378989E+00
+14.40000E-06,+7.55276378989E+00
+14.41000E-06,+7.55276378989E+00
+14.42000E-06,+7.55276378989E+00
+14.43000E-06,+7.55276378989E+00
+14.44000E-06,+7.61306529861E+00
+14.45000E-06,+7.55276378989E+00
+14.46000E-06,+7.55276378989E+00
+14.47000E-06,+7.55276378989E+00
+14.48000E-06,+7.67336680740E+00
+14.49000E-06,+7.61306529868E+00
+14.50000E-06,+7.67336680740E+00
+14.51000E-06,+7.55276378989E+00
+14.52000E-06,+7.55276378989E+00
+14.53000E-06,+7.55276378989E+00
+14.54000E-06,+7.55276378989E+00
+14.55000E-06,+7.55276378989E+00
+14.56000E-06,+7.55276378989E+00
+14.57000E-06,+7.67336680740E+00
+14.58000E-06,+7.61306529868E+00
+14.59000E-06,+7.55276378989E+00
+14.60000E-06,+7.55276378989E+00
+14.61000E-06,+7.55276378989E+00
+14.62000E-06,+7.73366831619E+00
+14.63000E-06,+7.55276378989E+00
+14.64000E-06,+7.55276378989E+00
+14.65000E-06,+7.55276378989E+00
+14.66000E-06,+7.67336680740E+00
+14.67000E-06,+7.55276378989E+00
+14.68000E-06,+7.55276378989E+00
+14.69000E-06,+7.55276378989E+00
+14.70000E-06,+7.67336680740E+00
+14.71000E-06,+7.55276378989E+00
+14.72000E-06,+7.55276378989E+00
+14.73000E-06,+7.55276378989E+00
+14.74000E-06,+7.61306529868E+00
+14.75000E-06,+7.55276378989E+00
+14.76000E-06,+7.55276378989E+00
+14.77000E-06,+7.55276378989E+00
+14.78000E-06,+7.55276378989E+00
+14.79000E-06,+7.55276378989E+00
+14.80000E-06,+7.67336680740E+00
+14.81000E-06,+7.55276378989E+00
+14.82000E-06,+7.55276378989E+00
+14.83000E-06,+7.55276378989E+00
+14.84000E-06,+7.55276378989E+00
+14.85000E-06,+7.67336680740E+00
+14.86000E-06,+7.55276378989E+00
+14.87000E-06,+7.55276378989E+00
+14.88000E-06,+7.55276378989E+00
+14.89000E-06,+7.67336680740E+00
+14.90000E-06,+7.55276378989E+00
+14.91000E-06,+7.67336680740E+00
+14.92000E-06,+7.55276378989E+00
+14.93000E-06,+7.55276378989E+00
+14.94000E-06,+7.61306529868E+00
+14.95000E-06,+7.67336680740E+00
+14.96000E-06,+7.55276378989E+00
+14.97000E-06,+7.55276378989E+00
+14.98000E-06,+7.61306529868E+00
+14.99000E-06,+7.55276378989E+00
+15.00000E-06,+7.67336680740E+00
+15.01000E-06,+7.55276378989E+00
+15.02000E-06,+7.55276378989E+00
+15.03000E-06,+7.55276378989E+00
+15.04000E-06,+7.55276378989E+00
+15.05000E-06,+7.55276378989E+00
+15.06000E-06,+7.55276378989E+00
+15.07000E-06,+7.55276378989E+00
+15.08000E-06,+7.61306529861E+00
+15.09000E-06,+7.67336680740E+00
+15.10000E-06,+7.67336680740E+00
+15.11000E-06,+7.55276378989E+00
+15.12000E-06,+7.55276378989E+00
+15.13000E-06,+7.55276378989E+00
+15.14000E-06,+7.55276378989E+00
+15.15000E-06,+7.67336680740E+00
+15.16000E-06,+7.43216077238E+00
+15.17000E-06,+7.55276378989E+00
+15.18000E-06,+7.67336680740E+00
+15.19000E-06,+7.55276378989E+00
+15.20000E-06,+7.61306529868E+00
+15.21000E-06,+7.67336680740E+00
+15.22000E-06,+7.55276378989E+00
+15.23000E-06,+7.55276378989E+00
+15.24000E-06,+7.55276378989E+00
+15.25000E-06,+7.55276378989E+00
+15.26000E-06,+7.61306529868E+00
+15.27000E-06,+7.55276378989E+00
+15.28000E-06,+7.55276378989E+00
+15.29000E-06,+7.55276378989E+00
+15.30000E-06,+7.55276378989E+00
+15.31000E-06,+7.43216077238E+00
+15.32000E-06,+7.55276378989E+00
+15.33000E-06,+7.67336680740E+00
+15.34000E-06,+7.67336680740E+00
+15.35000E-06,+7.55276378989E+00
+15.36000E-06,+7.55276378989E+00
+15.37000E-06,+7.55276378989E+00
+15.38000E-06,+7.55276378989E+00
+15.39000E-06,+7.55276378989E+00
+15.40000E-06,+7.55276378989E+00
+15.41000E-06,+7.61306529868E+00
+15.42000E-06,+7.61306529867E+00
+15.43000E-06,+7.55276378989E+00
+15.44000E-06,+7.55276378989E+00
+15.45000E-06,+7.55276378989E+00
+15.46000E-06,+7.55276378989E+00
+15.47000E-06,+7.55276378989E+00
+15.48000E-06,+7.55276378989E+00
+15.49000E-06,+7.55276378989E+00
+15.50000E-06,+7.55276378989E+00
+15.51000E-06,+7.55276378989E+00
+15.52000E-06,+7.55276378989E+00
+15.53000E-06,+7.55276378989E+00
+15.54000E-06,+7.61306529867E+00
+15.55000E-06,+7.55276378989E+00
+15.56000E-06,+7.55276378989E+00
+15.57000E-06,+7.55276378989E+00
+15.58000E-06,+7.61306529867E+00
+15.59000E-06,+7.67336680740E+00
+15.60000E-06,+7.55276378989E+00
+15.61000E-06,+7.55276378989E+00
+15.62000E-06,+7.55276378989E+00
+15.63000E-06,+7.55276378989E+00
+15.64000E-06,+7.67336680740E+00
+15.65000E-06,+7.55276378989E+00
+15.66000E-06,+7.67336680740E+00
+15.67000E-06,+7.43216077238E+00
+15.68000E-06,+7.55276378989E+00
+15.69000E-06,+7.55276378989E+00
+15.70000E-06,+7.67336680740E+00
+15.71000E-06,+7.67336680740E+00
+15.72000E-06,+7.55276378989E+00
+15.73000E-06,+7.55276378989E+00
+15.74000E-06,+7.55276378989E+00
+15.75000E-06,+7.55276378989E+00
+15.76000E-06,+7.55276378989E+00
+15.77000E-06,+7.55276378989E+00
+15.78000E-06,+7.55276378989E+00
+15.79000E-06,+7.55276378989E+00
+15.80000E-06,+7.55276378989E+00
+15.81000E-06,+7.55276378989E+00
+15.82000E-06,+7.61306529866E+00
+15.83000E-06,+7.55276378989E+00
+15.84000E-06,+7.55276378989E+00
+15.85000E-06,+7.55276378989E+00
+15.86000E-06,+7.55276378989E+00
+15.87000E-06,+7.55276378989E+00
+15.88000E-06,+7.55276378989E+00
+15.89000E-06,+7.67336680740E+00
+15.90000E-06,+7.61306529866E+00
+15.91000E-06,+7.61306529864E+00
+15.92000E-06,+7.43216077238E+00
+15.93000E-06,+7.55276378989E+00
+15.94000E-06,+7.55276378989E+00
+15.95000E-06,+7.55276378989E+00
+15.96000E-06,+7.55276378989E+00
+15.97000E-06,+7.55276378989E+00
+15.98000E-06,+7.67336680740E+00
+15.99000E-06,+7.55276378989E+00
+16.00000E-06,+7.55276378989E+00
+16.01000E-06,+7.55276378989E+00
+16.02000E-06,+7.61306529865E+00
+16.03000E-06,+7.67336680740E+00
+16.04000E-06,+7.67336680740E+00
+16.05000E-06,+7.55276378989E+00
+16.06000E-06,+7.55276378989E+00
+16.07000E-06,+7.55276378989E+00
+16.08000E-06,+7.55276378989E+00
+16.09000E-06,+7.55276378989E+00
+16.10000E-06,+7.61306529865E+00
+16.11000E-06,+7.55276378989E+00
+16.12000E-06,+7.55276378989E+00
+16.13000E-06,+7.55276378989E+00
+16.14000E-06,+7.61306529865E+00
+16.15000E-06,+7.55276378989E+00
+16.16000E-06,+7.55276378989E+00
+16.17000E-06,+7.61306529865E+00
+16.18000E-06,+7.55276378989E+00
+16.19000E-06,+7.55276378989E+00
+16.20000E-06,+7.55276378989E+00
+16.21000E-06,+7.55276378989E+00
+16.22000E-06,+7.61306529864E+00
+16.23000E-06,+7.49246228114E+00
+16.24000E-06,+7.55276378989E+00
+16.25000E-06,+7.55276378989E+00
+16.26000E-06,+7.43216077238E+00
+16.27000E-06,+7.55276378989E+00
+16.28000E-06,+7.61306529865E+00
+16.29000E-06,+7.61306529864E+00
+16.30000E-06,+7.55276378989E+00
+16.31000E-06,+7.55276378989E+00
+16.32000E-06,+7.55276378989E+00
+16.33000E-06,+7.55276378989E+00
+16.34000E-06,+7.67336680740E+00
+16.35000E-06,+7.61306529864E+00
+16.36000E-06,+7.55276378989E+00
+16.37000E-06,+7.55276378989E+00
+16.38000E-06,+7.55276378989E+00
+16.39000E-06,+7.55276378989E+00
+16.40000E-06,+7.55276378989E+00
+16.41000E-06,+7.55276378989E+00
+16.42000E-06,+7.67336680740E+00
+16.43000E-06,+7.55276378989E+00
+16.44000E-06,+7.55276378989E+00
+16.45000E-06,+7.55276378989E+00
+16.46000E-06,+7.55276378989E+00
+16.47000E-06,+7.61306529866E+00
+16.48000E-06,+7.43216077238E+00
+16.49000E-06,+7.55276378989E+00
+16.50000E-06,+7.55276378989E+00
+16.51000E-06,+7.55276378989E+00
+16.52000E-06,+7.55276378989E+00
+16.53000E-06,+7.55276378989E+00
+16.54000E-06,+7.55276378989E+00
+16.55000E-06,+7.49246228112E+00
+16.56000E-06,+7.55276378989E+00
+16.57000E-06,+7.55276378989E+00
+16.58000E-06,+7.55276378989E+00
+16.59000E-06,+7.55276378989E+00
+16.60000E-06,+7.55276378989E+00
+16.61000E-06,+7.55276378989E+00
+16.62000E-06,+7.55276378989E+00
+16.63000E-06,+7.55276378989E+00
+16.64000E-06,+7.55276378989E+00
+16.65000E-06,+7.55276378989E+00
+16.66000E-06,+7.55276378989E+00
+16.67000E-06,+7.55276378989E+00
+16.68000E-06,+7.55276378989E+00
+16.69000E-06,+7.67336680740E+00
+16.70000E-06,+7.55276378989E+00
+16.71000E-06,+7.67336680740E+00
+16.72000E-06,+7.55276378989E+00
+16.73000E-06,+7.55276378989E+00
+16.74000E-06,+7.55276378989E+00
+16.75000E-06,+7.55276378989E+00
+16.76000E-06,+7.55276378989E+00
+16.77000E-06,+7.55276378989E+00
+16.78000E-06,+7.55276378989E+00
+16.79000E-06,+7.55276378989E+00
+16.80000E-06,+7.55276378989E+00
+16.81000E-06,+7.55276378989E+00
+16.82000E-06,+7.67336680740E+00
+16.83000E-06,+7.55276378989E+00
+16.84000E-06,+7.55276378989E+00
+16.85000E-06,+7.55276378989E+00
+16.86000E-06,+7.55276378989E+00
+16.87000E-06,+7.55276378989E+00
+16.88000E-06,+7.67336680740E+00
+16.89000E-06,+7.55276378989E+00
+16.90000E-06,+7.55276378989E+00
+16.91000E-06,+7.67336680740E+00
+16.92000E-06,+7.55276378989E+00
+16.93000E-06,+7.55276378989E+00
+16.94000E-06,+7.55276378989E+00
+16.95000E-06,+7.55276378989E+00
+16.96000E-06,+7.55276378989E+00
+16.97000E-06,+7.55276378989E+00
+16.98000E-06,+7.55276378989E+00
+16.99000E-06,+7.55276378989E+00
+17.00000E-06,+7.55276378989E+00
+17.01000E-06,+7.55276378989E+00
+17.02000E-06,+7.55276378989E+00
+17.03000E-06,+7.55276378989E+00
+17.04000E-06,+7.55276378989E+00
+17.05000E-06,+7.55276378989E+00
+17.06000E-06,+7.61306529861E+00
+17.07000E-06,+7.67336680740E+00
+17.08000E-06,+7.67336680740E+00
+17.09000E-06,+7.55276378989E+00
+17.10000E-06,+7.55276378989E+00
+17.11000E-06,+7.55276378989E+00
+17.12000E-06,+7.55276378989E+00
+17.13000E-06,+7.55276378989E+00
+17.14000E-06,+7.55276378989E+00
+17.15000E-06,+7.55276378989E+00
+17.16000E-06,+7.55276378989E+00
+17.17000E-06,+7.55276378989E+00
+17.18000E-06,+7.55276378989E+00
+17.19000E-06,+7.55276378989E+00
+17.20000E-06,+7.67336680740E+00
+17.21000E-06,+7.55276378989E+00
+17.22000E-06,+7.55276378989E+00
+17.23000E-06,+7.43216077238E+00
+17.24000E-06,+7.55276378989E+00
+17.25000E-06,+7.61306529869E+00
+17.26000E-06,+7.55276378989E+00
+17.27000E-06,+7.55276378989E+00
+17.28000E-06,+7.55276378989E+00
+17.29000E-06,+7.55276378989E+00
+17.30000E-06,+7.55276378989E+00
+17.31000E-06,+7.55276378989E+00
+17.32000E-06,+7.55276378989E+00
+17.33000E-06,+7.61306529860E+00
+17.34000E-06,+7.55276378989E+00
+17.35000E-06,+7.55276378989E+00
+17.36000E-06,+7.55276378989E+00
+17.37000E-06,+7.55276378989E+00
+17.38000E-06,+7.55276378989E+00
+17.39000E-06,+7.55276378989E+00
+17.40000E-06,+7.55276378989E+00
+17.41000E-06,+7.55276378989E+00
+17.42000E-06,+7.61306529860E+00
+17.43000E-06,+7.67336680740E+00
+17.44000E-06,+7.55276378989E+00
+17.45000E-06,+7.55276378989E+00
+17.46000E-06,+7.55276378989E+00
+17.47000E-06,+7.55276378989E+00
+17.48000E-06,+7.55276378989E+00
+17.49000E-06,+7.55276378989E+00
+17.50000E-06,+7.55276378989E+00
+17.51000E-06,+7.55276378989E+00
+17.52000E-06,+7.55276378989E+00
+17.53000E-06,+7.55276378989E+00
+17.54000E-06,+7.61306529859E+00
+17.55000E-06,+7.55276378989E+00
+17.56000E-06,+7.55276378989E+00
+17.57000E-06,+7.55276378989E+00
+17.58000E-06,+7.55276378989E+00
+17.59000E-06,+7.55276378989E+00
+17.60000E-06,+7.67336680740E+00
+17.61000E-06,+7.55276378989E+00
+17.62000E-06,+7.55276378989E+00
+17.63000E-06,+7.55276378989E+00
+17.64000E-06,+7.55276378989E+00
+17.65000E-06,+7.55276378989E+00
+17.66000E-06,+7.55276378989E+00
+17.67000E-06,+7.55276378989E+00
+17.68000E-06,+7.55276378989E+00
+17.69000E-06,+7.61306529859E+00
+17.70000E-06,+7.55276378989E+00
+17.71000E-06,+7.55276378989E+00
+17.72000E-06,+7.55276378989E+00
+17.73000E-06,+7.55276378989E+00
+17.74000E-06,+7.61306529871E+00
+17.75000E-06,+7.55276378989E+00
+17.76000E-06,+7.55276378989E+00
+17.77000E-06,+7.55276378989E+00
+17.78000E-06,+7.55276378989E+00
+17.79000E-06,+7.55276378989E+00
+17.80000E-06,+7.55276378989E+00
+17.81000E-06,+7.67336680740E+00
+17.82000E-06,+7.67336680740E+00
+17.83000E-06,+7.55276378989E+00
+17.84000E-06,+7.55276378989E+00
+17.85000E-06,+7.55276378989E+00
+17.86000E-06,+7.55276378989E+00
+17.87000E-06,+7.55276378989E+00
+17.88000E-06,+7.55276378989E+00
+17.89000E-06,+7.55276378989E+00
